name	count	expire_count	wake_count	active_since	total_time	sleep_time	max_time	last_change
"event2-144"	2186	0	0	0	113067637	0	1708985	211504115541
"kgsl"	1015	0	0	0	39519898352	0	446868895	211440150698
"msmfb_idle_lock"	1112	0	0	0	296813977	0	289581299	211414546448
"event0-144"	52	0	0	0	2838133	0	91553	208624812564
"KeyEvents"	977	0	0	0	271148685	0	157806397	193883479554
"event3-144"	974	0	0	0	107879638	0	10314942	193883357484
"ds2784-battery"	4	0	0	0	642498245	0	441601020	175854823527
"alarm_rtc"	0	0	0	0	0	0	0	0
"alarm"	4	0	0	0	29113772	0	10070801	170919246141
"power-supply"	6	0	0	0	8117502	0	7171630	75584895553
"power-supply"	4	0	0	0	18798784	0	16448975	62451930469
"power-supply"	4	0	0	0	18951395	0	16754150	62451869434
"dock"	1	0	0	0	26794436	0	26794436	61750178744
"SMD_RPCCALL"	61	0	0	0	20042092	0	5888349	61724696564
"rpc_server"	1	0	0	0	671387	0	671387	61723414826
"rpc_read"	1	0	0	0	91552	0	91552	61722743439
"msm_camera"	1	0	0	0	543609615	0	543609615	51665004211
"msm_camera_wake"	1	0	0	0	543579097	0	543579097	51664973693
"s5k3e2fx"	1	0	0	0	342529293	0	342529293	51663569884
"event6-144"	2	0	0	0	213623	0	122070	43033748110
"GPS"	1	0	0	0	1337249756	0	1337249756	31909846743
"radio-interface"	4	0	0	0	4002690910	0	1001378657	30710689029
"rpc-interface"	3	0	0	0	101562500	0	101501464	30576411684
"rpc_read"	3	0	0	0	55969241	0	39093019	30474940738
"ApmCommandThread"	19	0	0	0	773620595	0	760284413	23868464907
"event1-144"	0	0	0	0	0	0	0	0
"event5-144"	0	0	0	0	0	0	0	0
"event4-144"	0	0	0	0	0	0	0	0
"audio_pcm_suspend"	0	0	0	0	0	0	0	0
"audio_pcm_idle"	0	0	0	0	0	0	0	0
"rpc_read"	12	0	0	0	457766	0	91553	14900905094
"rpc_read"	2	0	0	0	1098633	0	1007080	14193416094
"mmc_delayed_work"	1	0	0	0	159332446	0	159332446	7264662530
"rpc_read"	1	0	0	0	30518	0	30518	7399062059
"gpio_kp"	1	0	0	0	20416360	0	20416360	6245342462
"gpio_input"	0	0	0	0	0	0	0	0
"SMD_DATA7"	0	0	0	0	0	0	0	0
"SMD_DATA6"	0	0	0	0	0	0	0	0
"SMD_DATA5"	0	0	0	0	0	0	0	0
"msm_serial_hs_dma"	0	0	0	0	0	0	0	0
"msm_serial_hs_rx"	0	0	0	0	0	0	0	0
"flashlight"	0	0	0	0	0	0	0	0
"headset"	0	0	0	0	0	0	0	0
"rpc_read"	1	0	0	0	30493	0	30493	4283445450
"microp_i2c_present"	0	0	0	0	0	0	0	0
"venc_suspend"	0	0	0	0	0	0	0	0
"venc_idle"	0	0	0	0	0	0	0	0
"vdec_suspend"	0	0	0	0	0	0	0	0
"vdec_idle"	0	0	0	0	0	0	0	0
"i2c"	0	0	0	0	0	0	0	0
"unknown_wakeups"	0	0	0	0	0	0	0	0
"deleted_wake_locks"	0	0	0	0	0	0	0	0
"PowerManagerService"	7	0	0	149932525663	172239959747	0	149932525663	61776057651
"vbus_present"	1	0	0	149956604034	149956604034	0	149956604034	61752009798
"main"	1	0	0	211478644347	211478644347	0	211478644347	230000002
"qmi0"	1	1	0	0	495538031	0	495538031	8912211544
"qmi1"	1	1	0	0	494256507	0	494256507	8913493068
"qmi2"	1	1	0	0	490320398	0	490320398	8917429177
"SMD_DS"	5	5	0	0	4123056776	0	1311368539	34414271792

