name	count	expire_count	wake_count	active_since	total_time	sleep_time	max_time	last_change
"kgsl"	1313	0	0	0	46535828056	0	439819338	118130159668
"msmfb_idle_lock"	1329	0	0	0	298980726	0	290649414	118109712889
"alarm"	3	0	0	0	27679444	0	13641359	118076296142
"event2-151"	939	0	0	0	45318599	0	640869	118022310546
"KeyEvents"	226	0	0	0	169189459	0	128143310	112967500966
"event3-151"	225	0	0	0	30700687	0	396729	112967439931
"power-supply"	8	0	0	0	1952841	0	518798	108190523437
"ds2784-battery"	3	0	0	0	523910454	0	368575982	108190340331
"alarm_rtc"	0	0	0	0	0	0	0	0
"msm_camera"	1	0	0	0	698547366	0	698547366	53109072021
"msm_camera_wake"	1	0	0	0	698547366	0	698547366	53109041504
"s5k3e2fx"	1	0	0	0	372894287	0	372894287	53108187012
"GPS"	1	0	0	0	1412597656	0	1412597656	36069216064
"radio-interface"	4	0	0	0	4003570557	0	1001251222	34750826172
"SMD_RPCCALL"	60	0	0	0	17143512	0	6010387	34658693603
"rpc-interface"	3	0	0	0	121093749	0	98297118	34656709961
"rpc_read"	2	0	0	0	178710939	0	178497316	34633974365
"event0-151"	6	0	0	0	152587	0	30518	28480287841
"ApmCommandThread"	19	0	0	0	694976809	0	685363771	27545961669
"event1-151"	0	0	0	0	0	0	0	0
"event5-151"	0	0	0	0	0	0	0	0
"event6-151"	0	0	0	0	0	0	0	0
"event4-151"	0	0	0	0	0	0	0	0
"audio_pcm_suspend"	0	0	0	0	0	0	0	0
"audio_pcm_idle"	0	0	0	0	0	0	0	0
"rpc_read"	12	0	0	0	183105	0	30518	19267854979
"rpc_read"	2	0	0	0	1647949	0	1434326	18598970703
"power-supply"	5	0	0	0	9551737	0	7598631	14499239265
"power-supply"	5	0	0	0	9368609	0	7537598	14499147713
"dock"	1	0	0	0	20964882	0	20964882	10120078682
"rpc_server"	1	0	0	0	366198	0	366198	10099144316
"rpc_read"	1	0	0	0	61033	0	61033	10098808634
"mmc_delayed_work"	1	0	0	0	163910591	0	163910591	7427606406
"rpc_read"	1	0	0	0	30518	0	30518	7557337056
"gpio_input"	0	0	0	0	0	0	0	0
"gpio_kp"	1	0	0	0	14404528	0	14404528	6529496880
"SMD_DATA7"	0	0	0	0	0	0	0	0
"SMD_DATA6"	0	0	0	0	0	0	0	0
"SMD_DATA5"	0	0	0	0	0	0	0	0
"msm_serial_hs_dma"	0	0	0	0	0	0	0	0
"msm_serial_hs_rx"	0	0	0	0	0	0	0	0
"flashlight"	0	0	0	0	0	0	0	0
"headset"	0	0	0	0	0	0	0	0
"rpc_read"	1	0	0	0	30493	0	30493	4585214148
"microp_i2c_present"	0	0	0	0	0	0	0	0
"venc_suspend"	0	0	0	0	0	0	0	0
"venc_idle"	0	0	0	0	0	0	0	0
"vdec_suspend"	0	0	0	0	0	0	0	0
"vdec_idle"	0	0	0	0	0	0	0	0
"i2c"	0	0	0	0	0	0	0	0
"unknown_wakeups"	0	0	0	0	0	0	0	0
"deleted_wake_locks"	0	0	0	0	0	0	0	0
"PowerManagerService"	1	0	0	91129974365	91129974365	0	91129974365	27029482177
"vbus_present"	1	0	0	108038859079	108038859079	0	108038859079	10120627981
"main"	1	0	0	117929487058	117929487058	0	117929487058	230000002
"qmi0"	1	1	0	0	489230950	0	489230950	14496523201
"qmi2"	1	1	0	0	488590081	0	488590081	14497164070
"qmi1"	1	1	0	0	488590081	0	488590081	14497164070
"SMD_DS"	6	6	0	0	4662416991	0	1138381347	38474031738

