name	count	expire_count	wake_count	active_since	total_time	sleep_time	max_time	last_change
"event2-151"	9790	0	0	0	527038565	0	457763	911893239492
"event0-151"	135	0	0	0	7598874	0	122070	911453969475
"kgsl"	4143	0	0	0	146986392008	0	1114807130	885940236567
"msmfb_idle_lock"	4585	0	0	0	317474371	0	285552981	885913075921
"KeyEvents"	1285	0	0	0	225921646	0	108489990	885794667719
"event3-151"	1284	0	0	0	127197280	0	1037598	885794576166
"alarm"	21	0	0	0	255096449	0	37475587	881769673822
"ds2784-battery"	18	0	0	0	1350905662	0	370162221	873913747282
"alarm_rtc"	0	0	0	0	0	0	0	0
"power-supply"	8	0	0	0	3783862	0	1098598	823799703095
"msm_camera"	1	0	0	0	691741944	0	691741944	48041249750
"msm_camera_wake"	1	0	0	0	691741944	0	691741944	48041249750
"s5k3e2fx"	1	0	0	0	502166747	0	502166747	48039754388
"radio-interface"	3	0	0	0	3734094364	0	1732452393	28771321772
"GPS"	1	0	0	0	1001159666	0	1001159666	28769246575
"SMD_RPCCALL"	53	0	0	0	22147290	0	5888349	27768727778
"rpc-interface"	3	0	0	0	177368164	0	160034180	27768147944
"rpc_read"	2	0	0	0	152526856	0	147583009	27608144282
"ApmCommandThread"	19	0	0	0	682830741	0	672759939	22160542963
"event1-151"	0	0	0	0	0	0	0	0
"event5-151"	0	0	0	0	0	0	0	0
"event6-151"	0	0	0	0	0	0	0	0
"event4-151"	0	0	0	0	0	0	0	0
"audio_pcm_suspend"	0	0	0	0	0	0	0	0
"audio_pcm_idle"	0	0	0	0	0	0	0	0
"rpc_read"	12	0	0	0	183105	0	30518	13666402376
"rpc_read"	2	0	0	0	122070	0	61035	13024495710
"power-supply"	4	0	0	0	14007144	0	12298191	10519009049
"power-supply"	4	0	0	0	13244201	0	11657342	10518856462
"dock"	1	0	0	0	25420304	0	25420304	9830179688
"rpc_server"	1	0	0	0	762914	0	762914	9804820417
"rpc_read"	1	0	0	0	122066	0	122066	9804088020
"mmc_delayed_work"	1	0	0	0	163819022	0	163819022	7127545420
"rpc_read"	1	0	0	0	30517	0	30517	7257520204
"gpio_input"	0	0	0	0	0	0	0	0
"gpio_kp"	1	0	0	0	14526602	0	14526602	6229466214
"SMD_DATA7"	0	0	0	0	0	0	0	0
"SMD_DATA6"	0	0	0	0	0	0	0	0
"SMD_DATA5"	0	0	0	0	0	0	0	0
"msm_serial_hs_dma"	0	0	0	0	0	0	0	0
"msm_serial_hs_rx"	0	0	0	0	0	0	0	0
"flashlight"	0	0	0	0	0	0	0	0
"headset"	0	0	0	0	0	0	0	0
"rpc_read"	1	0	0	0	30493	0	30493	4285366516
"microp_i2c_present"	0	0	0	0	0	0	0	0
"venc_suspend"	0	0	0	0	0	0	0	0
"venc_idle"	0	0	0	0	0	0	0	0
"vdec_suspend"	0	0	0	0	0	0	0	0
"vdec_idle"	0	0	0	0	0	0	0	0
"i2c"	0	0	0	0	0	0	0	0
"unknown_wakeups"	0	0	0	0	0	0	0	0
"deleted_wake_locks"	0	0	0	0	0	0	0	0
"PowerManagerService"	1	0	0	890394592283	890394592283	0	890394592283	21657308098
"vbus_present"	1	0	0	902219370915	902219370915	0	902219370915	9832529466
"main"	1	0	0	911821900379	911821900379	0	911821900379	230000002
"qmi0"	1	1	0	0	493462116	0	493462116	8727156527
"qmi1"	1	1	0	0	492333173	0	492333173	8728285470
"qmi2"	1	1	0	0	498427637	0	498427637	8732191006
"SMD_DS"	4	4	0	0	4049617942	0	1629350587	32235829827

